76 69 63 74 69 6d 20 6e 75 6d 62 65 72 20 66 6f 75 72 20 68 61 73 20 62 65 65 6e 20 63 6c 61 69 6d 65 64 2e
0a 74 68 65 20 66 75 63 6b 65 72 73 20 73 61 77 20 6d 65 2e 2e 2e
0a 69 6d 20 73 63 72 61 6d 62 6c 69 6e 67 20 61 73 20 69 20 77 72 69 74 65 20 74 68 69 73 2c
0a 61 73 20 69 20 6d 75 73 74 20 6c 65 61 76 65 20 74 6f 20 6b 65 65 70 20 6d 79 73 65 6c 66 20 73 61 66 65 20 61 6e 64 20 68 69 64 64 65 6e 2e
0a 69 6d 20 6e 6f 74 20 73 75 72 65 20 68 6f 77 20 73 61 66 65 20 69 20 77 69 6c 6c 20 62 65 20 61 66 74 65 72 20 74 68 69 73 20 70 6f 69 6e 74 2e
0a 74 68 65 20 73 74 72 61 6e 67 65 73 74 20 6c 6f 6f 6b 20 77 61 73 20 69 6e 20 74 68 65 20 6d 61 6e 73 20 65 79 65 73 2c
0a 61 6c 6d 6f 73 74 20 61 73 20 74 68 6f 75 67 68 20 68 65 20 72 65 63 6f 67 6e 69 7a 65 64 20 6d 65 2e
0a 69 20 62 65 67 20 74 6f 20 79 6f 75 20 61 66 66 69 6e 65 2c
0a 73 70 61 72 65 20 6d 79 20 6c 69 66 65 2e
0a 69 20 70 72 65 61 63 68 20 75 6e 74 6f 20 79 6f 75 2c
0a 62 23 23 7a 34 74 76 6c 73 20 23 7a 37 76 72 24 7a 34 76 61 34 72 7a 66 6e 7a 23 72 31 2e
0a 6b 75 72 74 20 6b 6f 6c 6c 65 72 2c 20 64 61 79 20 74 77 65 6e 74 79 20 74 68 72 65 65
